$ Input from rce model
                   0                             0                   0            130   98 0 00   00
              0   146.979   -1    0.0000   0.00000                                                                                                                                            
 3.000e+02    1  10.800                                                                 1.000
 0194
 1001.5012  299.3500                       1013.000 300.00        990.133 298.70
 1.723e-02 3.560e-04 4.000e-08 2.989e-10 1.000e-07 1.750e-06 2.100e-01 3.759e+23
  978.8449  298.0500                                              967.686 297.40
 1.631e-02 3.560e-04 4.000e-08 2.989e-10 1.000e-07 1.750e-06 2.100e-01 3.694e+23
  956.6055  296.7500                                              945.652 296.10
 1.542e-02 3.560e-04 4.000e-08 2.988e-10 1.000e-07 1.750e-06 2.100e-01 3.629e+23
  934.7770  295.4500                                              924.027 294.80
 1.458e-02 3.560e-04 4.000e-08 2.987e-10 1.000e-07 1.750e-06 2.100e-01 3.565e+23
  913.3537  294.1500                                              902.804 293.50
 1.377e-02 3.560e-04 4.000e-08 2.986e-10 1.000e-07 1.750e-06 2.100e-01 3.502e+23
  892.3298  292.8500                                              881.977 292.20
 1.300e-02 3.560e-04 4.000e-08 2.985e-10 1.000e-07 1.750e-06 2.100e-01 3.439e+23
  871.6998  291.5500                                              861.541 290.90
 1.226e-02 3.560e-04 4.000e-08 2.984e-10 1.000e-07 1.750e-06 2.100e-01 3.377e+23
  851.4579  290.2500                                              841.491 289.60
 1.156e-02 3.560e-04 4.000e-08 2.983e-10 1.000e-07 1.750e-06 2.100e-01 3.316e+23
  831.5986  288.9500                                              821.819 288.30
 1.089e-02 3.560e-04 4.000e-08 2.982e-10 1.000e-07 1.750e-06 2.100e-01 3.255e+23
  812.1163  287.6500                                              802.522 287.00
 1.025e-02 3.560e-04 4.000e-08 2.981e-10 1.000e-07 1.750e-06 2.100e-01 3.196e+23
  793.0055  286.3500                                              783.594 285.70
 9.641e-03 3.560e-04 4.000e-08 2.980e-10 1.000e-07 1.750e-06 2.100e-01 3.137e+23
  774.2606  285.0500                                              765.028 284.40
 9.063e-03 3.560e-04 4.000e-08 2.979e-10 1.000e-07 1.750e-06 2.100e-01 3.078e+23
  755.8763  283.7500                                              746.821 283.10
 8.513e-03 3.560e-04 4.000e-08 2.978e-10 1.000e-07 1.750e-06 2.100e-01 3.021e+23
  737.8471  282.4500                                              728.966 281.80
 7.991e-03 3.560e-04 4.000e-08 2.976e-10 1.000e-07 1.750e-06 2.100e-01 2.964e+23
  720.1677  281.1500                                              711.458 280.50
 7.495e-03 3.560e-04 4.000e-08 2.975e-10 1.000e-07 1.750e-06 2.100e-01 2.908e+23
  702.8330  279.8500                                              694.292 279.20
 7.024e-03 3.560e-04 4.000e-08 2.974e-10 1.000e-07 1.750e-06 2.100e-01 2.852e+23
  685.8375  278.5500                                              677.464 277.90
 6.577e-03 3.560e-04 4.000e-08 2.972e-10 1.000e-07 1.750e-06 2.100e-01 2.798e+23
  669.1763  277.2500                                              660.967 276.60
 6.154e-03 3.560e-04 4.000e-08 2.971e-10 1.000e-07 1.750e-06 2.100e-01 2.744e+23
  652.8443  275.9500                                              644.797 275.30
 5.754e-03 3.560e-04 4.000e-08 2.969e-10 1.000e-07 1.750e-06 2.100e-01 2.690e+23
  636.8365  274.6500                                              628.949 274.00
 5.375e-03 3.560e-04 4.000e-08 2.968e-10 1.000e-07 1.750e-06 2.100e-01 2.638e+23
  621.1479  273.3500                                              613.417 272.70
 5.017e-03 3.560e-04 4.000e-08 2.966e-10 1.000e-07 1.750e-06 2.100e-01 2.586e+23
  605.7737  272.0500                                              598.198 271.40
 4.627e-03 3.560e-04 4.000e-08 2.964e-10 1.000e-07 1.750e-06 2.100e-01 2.535e+23
  590.7090  270.7500                                              583.286 270.10
 4.256e-03 3.560e-04 4.000e-08 2.962e-10 1.000e-07 1.750e-06 2.100e-01 2.485e+23
  575.9490  269.4500                                              568.677 268.80
 3.911e-03 3.560e-04 4.000e-08 2.959e-10 1.000e-07 1.750e-06 2.100e-01 2.435e+23
  561.4891  268.1500                                              554.365 267.50
 3.590e-03 3.560e-04 4.000e-08 2.957e-10 1.000e-07 1.750e-06 2.100e-01 2.387e+23
  547.3245  266.8500                                              540.346 266.20
 3.293e-03 3.560e-04 4.000e-08 2.955e-10 1.000e-07 1.750e-06 2.100e-01 2.338e+23
  533.4507  265.5500                                              526.616 264.90
 3.017e-03 3.560e-04 4.000e-08 2.952e-10 1.000e-07 1.750e-06 2.100e-01 2.291e+23
  519.8630  264.2500                                              513.170 263.60
 2.762e-03 3.560e-04 4.000e-08 2.949e-10 1.000e-07 1.750e-06 2.100e-01 2.244e+23
  506.5570  262.9500                                              500.003 262.30
 2.526e-03 3.560e-04 4.000e-08 2.947e-10 1.000e-07 1.750e-06 2.100e-01 2.198e+23
  493.5280  261.6500                                              487.111 261.00
 2.308e-03 3.560e-04 4.000e-08 2.944e-10 1.000e-07 1.750e-06 2.100e-01 2.153e+23
  480.7718  260.3500                                              474.489 259.70
 2.107e-03 3.560e-04 4.000e-08 2.941e-10 1.000e-07 1.750e-06 2.100e-01 2.108e+23
  468.2839  259.0500                                              462.134 258.40
 1.921e-03 3.560e-04 4.000e-08 2.938e-10 1.000e-07 1.750e-06 2.100e-01 2.064e+23
  456.0600  257.7500                                              450.040 257.10
 1.749e-03 3.560e-04 4.000e-08 2.934e-10 1.000e-07 1.750e-06 2.100e-01 2.021e+23
  444.0957  256.4500                                              438.204 255.80
 1.592e-03 3.560e-04 4.000e-08 2.930e-10 1.000e-07 1.750e-06 2.100e-01 1.978e+23
  432.3868  255.1500                                              426.622 254.50
 1.447e-03 3.560e-04 4.000e-08 2.927e-10 1.000e-07 1.750e-06 2.100e-01 1.936e+23
  420.9291  253.8500                                              415.288 253.20
 1.313e-03 3.560e-04 4.000e-08 2.923e-10 1.000e-07 1.750e-06 2.100e-01 1.894e+23
  409.7185  252.5500                                              404.200 251.90
 1.191e-03 3.560e-04 4.000e-08 2.918e-10 1.000e-07 1.750e-06 2.100e-01 1.854e+23
  398.7510  251.2500                                              393.352 250.60
 1.079e-03 3.560e-04 4.000e-08 2.914e-10 1.000e-07 1.750e-06 2.100e-01 1.814e+23
  388.0224  249.9500                                              382.742 249.30
 9.759e-04 3.560e-04 4.000e-08 2.909e-10 1.000e-07 1.750e-06 2.100e-01 1.774e+23
  377.5287  248.6500                                              372.364 248.00
 8.819e-04 3.560e-04 4.000e-08 2.904e-10 1.000e-07 1.750e-06 2.100e-01 1.735e+23
  367.2660  247.3500                                              362.216 246.70
 7.960e-04 3.560e-04 4.000e-08 2.899e-10 1.000e-07 1.750e-06 2.100e-01 1.697e+23
  357.2305  246.0500                                              352.293 245.40
 7.176e-04 3.560e-04 4.000e-08 2.893e-10 1.000e-07 1.750e-06 2.100e-01 1.660e+23
  347.4181  244.7500                                              342.591 244.10
 6.461e-04 3.560e-04 4.000e-08 2.888e-10 1.000e-07 1.750e-06 2.100e-01 1.623e+23
  337.8252  243.4500                                              333.106 242.80
 5.809e-04 3.560e-04 4.000e-08 2.881e-10 1.000e-07 1.750e-06 2.100e-01 1.587e+23
  328.4479  242.1500                                              323.836 241.50
 5.217e-04 3.560e-04 4.000e-08 2.875e-10 1.000e-07 1.750e-06 2.100e-01 1.551e+23
  319.2825  240.8500                                              314.775 240.20
 4.679e-04 3.560e-04 4.000e-08 2.868e-10 1.000e-07 1.750e-06 2.100e-01 1.516e+23
  310.3254  239.5500                                              305.921 238.90
 4.191e-04 3.560e-04 4.000e-08 2.861e-10 1.000e-07 1.750e-06 2.100e-01 1.481e+23
  301.5728  238.2500                                              297.269 237.60
 3.749e-04 3.560e-04 4.000e-08 2.853e-10 1.000e-07 1.750e-06 2.100e-01 1.448e+23
  293.0212  236.9500                                              288.817 236.30
 3.349e-04 3.560e-04 4.000e-08 2.845e-10 1.000e-07 1.750e-06 2.100e-01 1.414e+23
  284.6671  235.6500                                              280.560 235.00
 2.987e-04 3.560e-04 4.000e-08 2.836e-10 1.000e-07 1.750e-06 2.100e-01 1.382e+23
  276.5068  234.3500                                              272.496 233.70
 2.660e-04 3.560e-04 4.000e-08 2.827e-10 1.000e-07 1.750e-06 2.100e-01 1.349e+23
  268.5371  233.0500                                              264.620 232.40
 2.366e-04 3.560e-04 4.000e-08 2.818e-10 1.000e-07 1.750e-06 2.100e-01 1.318e+23
  260.7544  231.7500                                              256.930 231.10
 2.101e-04 3.560e-04 4.000e-08 2.808e-10 1.000e-07 1.750e-06 2.100e-01 1.287e+23
  253.1553  230.4500                                              249.422 229.80
 1.863e-04 3.560e-04 4.000e-08 2.797e-10 1.000e-07 1.750e-06 2.100e-01 1.257e+23
  245.7367  229.1500                                              242.092 228.50
 1.650e-04 3.560e-04 4.000e-08 2.786e-10 1.000e-07 1.750e-06 2.100e-01 1.227e+23
  238.4950  227.8500                                              234.938 227.20
 1.459e-04 3.560e-04 4.000e-08 2.774e-10 1.000e-07 1.750e-06 2.100e-01 1.197e+23
  231.4272  226.5500                                              227.956 225.90
 1.287e-04 3.560e-04 4.000e-08 2.762e-10 1.000e-07 1.750e-06 2.100e-01 1.168e+23
  224.5299  225.2500                                              221.143 224.60
 1.134e-04 3.560e-04 4.000e-08 2.749e-10 1.000e-07 1.750e-06 2.100e-01 1.140e+23
  217.8000  223.9500                                              214.495 223.30
 9.980e-05 3.560e-04 4.000e-08 2.735e-10 1.000e-07 1.750e-06 2.100e-01 1.112e+23
  211.2345  222.6500                                              208.011 222.00
 8.765e-05 3.560e-04 4.000e-08 2.721e-10 1.000e-07 1.750e-06 2.100e-01 1.085e+23
  204.8301  221.3500                                              201.686 220.70
 7.685e-05 3.560e-04 4.000e-08 2.706e-10 1.000e-07 1.750e-06 2.100e-01 1.059e+23
  198.5839  220.0500                                              195.518 219.40
 6.726e-05 3.560e-04 4.000e-08 2.690e-10 1.000e-07 1.750e-06 2.100e-01 1.032e+23
  192.4928  218.7500                                              189.503 218.10
 5.877e-05 3.560e-04 4.000e-08 2.677e-10 1.000e-07 1.750e-06 2.100e-01 1.007e+23
  186.5539  217.4500                                              183.640 216.80
 5.125e-05 3.560e-04 4.000e-08 2.659e-10 1.000e-07 1.750e-06 2.100e-01 9.814e+22
  180.7643  216.1500                                              177.924 215.50
 4.462e-05 3.560e-04 4.000e-08 2.640e-10 1.000e-07 1.750e-06 2.100e-01 9.567e+22
  175.1210  214.8500                                              172.352 214.20
 3.877e-05 3.560e-04 4.000e-08 2.620e-10 1.000e-07 1.750e-06 2.100e-01 9.325e+22
  169.6213  213.5500                                              166.924 212.90
 3.362e-05 3.560e-04 4.000e-08 2.599e-10 1.000e-07 1.750e-06 2.100e-01 9.086e+22
  164.2623  212.2500                                              161.634 211.60
 2.910e-05 3.560e-04 4.000e-08 2.577e-10 1.000e-07 1.750e-06 2.100e-01 8.854e+22
  159.0412  210.9500                                              156.481 210.30
 2.514e-05 3.560e-04 4.000e-08 2.554e-10 1.000e-07 1.750e-06 2.100e-01 8.625e+22
  153.9553  209.6500                                              151.462 209.00
 2.167e-05 3.560e-04 4.000e-08 2.530e-10 1.000e-07 1.750e-06 2.100e-01 8.401e+22
  149.0020  208.3500                                              146.574 207.70
 1.864e-05 3.560e-04 4.000e-08 2.504e-10 1.000e-07 1.750e-06 2.100e-01 8.181e+22
  144.1785  207.0500                                              141.814 206.40
 1.601e-05 3.560e-04 4.000e-08 2.478e-10 1.000e-07 1.750e-06 2.100e-01 7.966e+22
  139.4822  205.7500                                              137.181 205.10
 1.371e-05 3.560e-04 4.000e-08 2.450e-10 1.000e-07 1.750e-06 2.100e-01 7.756e+22
  134.9106  204.4500                                              132.670 203.80
 1.172e-05 3.560e-04 4.000e-08 2.420e-10 1.000e-07 1.750e-06 2.100e-01 7.549e+22
  130.4611  203.1500                                              128.281 202.50
 9.996e-06 3.560e-04 4.000e-08 2.390e-10 1.000e-07 1.750e-06 2.100e-01 7.347e+22
  126.1311  201.8500                                              124.010 201.20
 8.506e-06 3.560e-04 4.000e-08 2.358e-10 1.000e-07 1.750e-06 2.100e-01 7.149e+22
  121.9183  200.5575                                              119.855 199.92
 7.239e-06 3.560e-04 4.000e-08 2.325e-10 1.000e-07 1.750e-06 2.100e-01 6.954e+22
  117.8202  199.4011                                              115.816 198.89
 6.160e-06 3.560e-04 4.000e-08 2.293e-10 1.000e-07 1.750e-06 2.100e-01 6.760e+22
  113.8345  198.4356                                              111.895 197.98
 5.242e-06 3.560e-04 4.003e-08 2.268e-10 1.000e-07 1.750e-06 2.100e-01 6.563e+22
  109.9589  197.6707                                              108.092 197.36
 4.461e-06 3.560e-04 4.020e-08 2.246e-10 1.000e-07 1.750e-06 2.100e-01 6.365e+22
  106.1912  197.1004                                              104.408 196.84
 4.000e-06 3.560e-04 4.040e-08 2.230e-10 1.000e-07 1.750e-06 2.100e-01 6.166e+22
  102.5305  196.7168                                              100.843 196.59
 4.000e-06 3.560e-04 4.147e-08 2.236e-10 1.000e-07 1.750e-06 2.100e-01 5.968e+22
   98.9770  196.5300                                               97.396 196.47
 4.000e-06 3.560e-04 4.384e-08 2.272e-10 1.000e-07 1.750e-06 2.100e-01 5.769e+22
   95.5289  196.4986                                               94.067 196.53
 4.000e-06 3.560e-04 4.801e-08 2.340e-10 1.000e-07 1.750e-06 2.100e-01 5.573e+22
   92.1843  196.6605                                               90.853 196.79
 4.000e-06 3.560e-04 5.466e-08 2.445e-10 1.000e-07 1.750e-06 2.100e-01 5.378e+22
   88.9424  196.9818                                               87.755 197.17
 4.000e-06 3.560e-04 6.468e-08 2.582e-10 1.000e-07 1.750e-06 2.100e-01 5.186e+22
   85.8021  197.4167                                               84.769 197.66
 4.000e-06 3.560e-04 7.894e-08 2.741e-10 1.000e-07 1.750e-06 2.100e-01 4.998e+22
   82.7618  197.9545                                               81.892 198.25
 4.000e-06 3.560e-04 9.873e-08 2.911e-10 1.000e-07 1.750e-06 2.100e-01 4.815e+22
   79.8202  198.5728                                               79.121 198.90
 4.000e-06 3.560e-04 1.254e-07 3.083e-10 1.000e-07 1.750e-06 2.100e-01 4.638e+22
   76.9754  199.2602                                               76.453 199.62
 4.000e-06 3.560e-04 1.601e-07 3.248e-10 1.000e-07 1.750e-06 2.100e-01 4.466e+22
   74.2257  200.0139                                               73.885 200.41
 4.000e-06 3.560e-04 2.045e-07 3.404e-10 1.000e-07 1.750e-06 2.100e-01 4.299e+22
   71.5693  200.8179                                               71.413 201.23
 4.000e-06 3.560e-04 2.593e-07 3.548e-10 1.000e-07 1.750e-06 2.100e-01 4.138e+22
   69.0042  201.6508                                               69.033 202.07
 4.000e-06 3.560e-04 3.239e-07 3.682e-10 1.000e-07 1.750e-06 2.100e-01 3.984e+22
   66.5286  202.5040                                               66.742 202.93
 4.000e-06 3.560e-04 3.976e-07 3.809e-10 1.000e-07 1.750e-06 2.100e-01 3.835e+22
   64.1404  203.3537                                               64.536 203.77
 4.000e-06 3.560e-04 4.786e-07 3.930e-10 1.000e-07 1.750e-06 2.100e-01 3.692e+22
   61.8376  204.1902                                               62.411 204.61
 4.000e-06 3.560e-04 5.656e-07 4.048e-10 1.000e-07 1.750e-06 2.100e-01 3.556e+22
   59.6180  205.0135                                               60.365 205.42
 4.000e-06 3.560e-04 6.581e-07 4.167e-10 1.000e-07 1.750e-06 2.100e-01 3.425e+22
   57.4794  205.8240                                               58.393 206.23
 4.000e-06 3.560e-04 7.564e-07 4.288e-10 1.000e-07 1.750e-06 2.100e-01 3.300e+22
   55.4197  206.6224                                               56.493 207.02
 4.000e-06 3.560e-04 8.610e-07 4.413e-10 1.000e-07 1.750e-06 2.100e-01 3.180e+22
   53.4366  207.4072                                               54.662 207.80
 4.000e-06 3.560e-04 9.724e-07 4.543e-10 1.000e-07 1.750e-06 2.100e-01 3.065e+22
   51.5280  208.1713                                               52.896 208.54
 4.000e-06 3.560e-04 1.090e-06 4.680e-10 1.000e-07 1.750e-06 2.100e-01 2.955e+22
   49.6915  208.9099                                               51.194 209.28
 4.000e-06 3.560e-04 1.215e-06 4.823e-10 1.000e-07 1.750e-06 2.100e-01 2.850e+22
   47.9248  209.6196                                               49.551 209.96
 4.000e-06 3.560e-04 1.345e-06 4.973e-10 1.000e-07 1.750e-06 2.100e-01 2.749e+22
   46.2257  210.3071                                               47.967 210.65
 4.000e-06 3.560e-04 1.481e-06 5.130e-10 1.000e-07 1.750e-06 2.100e-01 2.652e+22
   44.5919  210.9719                                               46.438 211.29
 4.000e-06 3.560e-04 1.622e-06 5.295e-10 1.000e-07 1.750e-06 2.100e-01 2.559e+22
   43.0212  211.6170                                               44.962 211.94
 4.000e-06 3.560e-04 1.768e-06 5.469e-10 1.000e-07 1.750e-06 2.100e-01 2.470e+22
   41.5113  212.2419                                               43.537 212.54
 4.000e-06 3.560e-04 1.919e-06 5.651e-10 1.000e-07 1.750e-06 2.100e-01 2.385e+22
   40.0599  212.8479                                               42.161 213.15
 4.000e-06 3.560e-04 2.076e-06 5.843e-10 1.000e-07 1.750e-06 2.100e-01 2.303e+22
   38.6650  213.4804                                               40.833 213.81
 4.000e-06 3.560e-04 2.240e-06 6.046e-10 1.000e-07 1.750e-06 2.100e-01 2.224e+22
   37.3243  214.1177                                               39.550 214.43
 4.000e-06 3.560e-04 2.412e-06 6.260e-10 1.000e-07 1.750e-06 2.100e-01 2.147e+22
   36.0357  214.7584                                               38.311 215.09
 4.000e-06 3.560e-04 2.592e-06 6.484e-10 1.000e-07 1.750e-06 2.100e-01 2.074e+22
   34.7973  215.4026                                               37.114 215.72
 4.000e-06 3.560e-04 2.781e-06 6.721e-10 1.000e-07 1.750e-06 2.100e-01 2.003e+22
   33.6070  216.0504                                               35.959 216.39
 4.000e-06 3.560e-04 2.980e-06 6.972e-10 1.000e-07 1.750e-06 2.100e-01 1.935e+22
   32.4629  216.7037                                               34.842 217.02
 4.000e-06 3.560e-04 3.189e-06 7.235e-10 1.000e-07 1.750e-06 2.100e-01 1.869e+22
   31.3629  217.3659                                               33.764 217.71
 4.000e-06 3.560e-04 3.410e-06 7.511e-10 1.000e-07 1.750e-06 2.100e-01 1.805e+22
   30.3055  218.0345                                               32.722 218.36
 4.000e-06 3.560e-04 3.643e-06 7.799e-10 1.000e-07 1.750e-06 2.100e-01 1.744e+22
   29.2888  218.7042                                               31.715 219.05
 4.000e-06 3.560e-04 3.886e-06 8.108e-10 1.000e-07 1.750e-06 2.100e-01 1.685e+22
   28.3113  219.3703                                               30.742 219.69
 4.000e-06 3.560e-04 4.139e-06 8.430e-10 1.000e-07 1.750e-06 2.100e-01 1.628e+22
   27.3712  220.0224                                               29.802 220.35
 4.000e-06 3.560e-04 4.399e-06 8.767e-10 1.000e-07 1.750e-06 2.100e-01 1.574e+22
   26.4669  220.6624                                               28.893 220.97
 4.000e-06 3.560e-04 4.665e-06 9.119e-10 1.000e-07 1.750e-06 2.100e-01 1.521e+22
   25.5970  221.2910                                               28.014 221.61
 4.000e-06 3.560e-04 4.934e-06 9.486e-10 1.000e-07 1.750e-06 2.100e-01 1.471e+22
   24.7600  221.9060                                               27.164 222.20
 4.000e-06 3.560e-04 5.206e-06 9.874e-10 1.000e-07 1.750e-06 2.100e-01 1.422e+22
   23.9544  222.5086                                               26.343 222.82
 4.000e-06 3.560e-04 5.477e-06 1.028e-09 1.000e-07 1.750e-06 2.100e-01 1.375e+22
   23.1790  223.0990                                               25.548 223.38
 4.000e-06 3.560e-04 5.748e-06 1.070e-09 1.000e-07 1.750e-06 2.100e-01 1.330e+22
   22.4325  223.6743                                               24.779 223.97
 4.000e-06 3.560e-04 6.018e-06 1.113e-09 1.000e-07 1.750e-06 2.100e-01 1.287e+22
   21.7137  224.2396                                               24.035 224.51
 4.000e-06 3.560e-04 6.286e-06 1.159e-09 1.000e-07 1.750e-06 2.100e-01 1.245e+22
   21.0213  224.8005                                               23.315 225.09
 4.000e-06 3.560e-04 6.552e-06 1.206e-09 1.000e-07 1.750e-06 2.100e-01 1.205e+22
   20.3542  225.3545                                               22.619 225.62
 4.000e-06 3.560e-04 6.815e-06 1.255e-09 1.000e-07 1.750e-06 2.100e-01 1.166e+22
   19.7114  225.8997                                               21.945 226.18
 4.000e-06 3.560e-04 7.072e-06 1.305e-09 1.000e-07 1.750e-06 2.100e-01 1.128e+22
   19.0919  226.4337                                               21.292 226.69
 4.000e-06 3.560e-04 7.324e-06 1.357e-09 1.000e-07 1.750e-06 2.100e-01 1.092e+22
   18.4946  226.9505                                               20.661 227.21
 4.000e-06 3.560e-04 7.567e-06 1.410e-09 1.000e-07 1.750e-06 2.100e-01 1.057e+22
   17.9187  227.4526                                               20.049 227.69
 4.000e-06 3.560e-04 7.801e-06 1.465e-09 1.000e-07 1.750e-06 2.100e-01 1.024e+22
   17.3632  227.9384                                               19.457 228.18
 4.000e-06 3.560e-04 8.023e-06 1.521e-09 1.000e-07 1.750e-06 2.100e-01 9.913e+21
   16.8272  228.4101                                               18.883 228.64
 4.000e-06 3.560e-04 8.232e-06 1.579e-09 1.000e-07 1.750e-06 2.100e-01 9.600e+21
   16.3100  228.8661                                               18.327 229.10
 4.000e-06 3.560e-04 8.428e-06 1.638e-09 1.000e-07 1.750e-06 2.100e-01 9.299e+21
   15.8108  229.3035                                               17.789 229.51
 4.000e-06 3.560e-04 8.610e-06 1.698e-09 1.000e-07 1.750e-06 2.100e-01 9.008e+21
   15.3288  229.7197                                               17.268 229.93
 4.000e-06 3.560e-04 8.778e-06 1.760e-09 1.000e-07 1.750e-06 2.100e-01 8.729e+21
   14.8633  230.1193                                               16.762 230.31
 4.000e-06 3.560e-04 8.932e-06 1.822e-09 1.000e-07 1.750e-06 2.100e-01 8.458e+21
   14.4135  230.5047                                               16.273 230.70
 4.000e-06 3.560e-04 9.075e-06 1.884e-09 1.000e-07 1.750e-06 2.100e-01 8.197e+21
   13.9790  230.8795                                               15.798 231.06
 4.000e-06 3.560e-04 9.207e-06 1.948e-09 1.000e-07 1.750e-06 2.100e-01 7.945e+21
   13.5589  231.2446                                               15.338 231.43
 4.000e-06 3.560e-04 9.328e-06 2.014e-09 1.000e-07 1.750e-06 2.100e-01 7.701e+21
   13.1528  231.6053                                               14.892 231.78
 4.000e-06 3.560e-04 9.440e-06 2.080e-09 1.000e-07 1.750e-06 2.100e-01 7.465e+21
   12.7601  231.9569                                               14.459 232.13
 4.000e-06 3.560e-04 9.542e-06 2.149e-09 1.000e-07 1.750e-06 2.100e-01 7.238e+21
   12.3802  232.2997                                               14.040 232.47
 4.000e-06 3.560e-04 9.637e-06 2.219e-09 1.000e-07 1.750e-06 2.100e-01 7.017e+21
   12.0126  232.6411                                               13.634 232.81
 4.000e-06 3.560e-04 9.724e-06 2.291e-09 1.000e-07 1.750e-06 2.100e-01 6.804e+21
   11.6569  232.9858                                               13.240 233.16
 4.000e-06 3.560e-04 9.804e-06 2.365e-09 1.000e-07 1.750e-06 2.100e-01 6.597e+21
   11.3126  233.3325                                               12.857 233.51
 4.000e-06 3.560e-04 9.876e-06 2.440e-09 1.000e-07 1.750e-06 2.100e-01 6.397e+21
   10.9792  233.6836                                               12.487 233.86
 4.000e-06 3.560e-04 9.941e-06 2.517e-09 1.000e-07 1.750e-06 2.100e-01 6.203e+21
   10.6564  234.0419                                               12.127 234.22
 4.000e-06 3.560e-04 9.999e-06 2.596e-09 1.000e-07 1.750e-06 2.100e-01 6.015e+21
   10.3437  234.4029                                               11.779 234.58
 4.000e-06 3.560e-04 1.005e-05 2.676e-09 1.000e-07 1.750e-06 2.100e-01 5.833e+21
   10.0408  234.7651                                               11.441 234.95
 4.000e-06 3.560e-04 1.009e-05 2.758e-09 1.000e-07 1.750e-06 2.100e-01 5.657e+21
    9.7474  235.1367                                               11.113 235.32
 4.000e-06 3.560e-04 1.013e-05 2.841e-09 1.000e-07 1.750e-06 2.100e-01 5.486e+21
    9.4631  235.5196                                               10.795 235.72
 4.000e-06 3.560e-04 1.015e-05 2.926e-09 1.000e-07 1.750e-06 2.100e-01 5.321e+21
    9.1876  235.9151                                               10.487 236.12
 4.000e-06 3.560e-04 1.017e-05 3.011e-09 1.000e-07 1.750e-06 2.100e-01 5.160e+21
    8.9206  236.3194                                               10.188 236.52
 4.000e-06 3.560e-04 1.018e-05 3.096e-09 1.000e-07 1.750e-06 2.100e-01 5.004e+21
    8.6619  236.7370                                                9.898 236.95
 4.000e-06 3.560e-04 1.019e-05 3.182e-09 1.000e-07 1.750e-06 2.100e-01 4.853e+21
    8.4111  237.1595                                                9.617 237.37
 4.000e-06 3.560e-04 1.018e-05 3.269e-09 1.000e-07 1.750e-06 2.100e-01 4.707e+21
    8.1680  237.5960                                                9.344 237.82
 4.000e-06 3.560e-04 1.017e-05 3.354e-09 1.000e-07 1.750e-06 2.100e-01 4.564e+21
    7.9324  238.0453                                                9.080 238.27
 4.000e-06 3.560e-04 1.015e-05 3.438e-09 1.000e-07 1.750e-06 2.100e-01 4.427e+21
    7.7040  238.5093                                                8.823 238.75
 4.000e-06 3.560e-04 1.013e-05 3.521e-09 1.000e-07 1.750e-06 2.100e-01 4.293e+21
    7.4808  238.9991                                                8.570 239.25
 4.000e-06 3.560e-04 1.009e-05 3.603e-09 1.000e-07 1.750e-06 2.100e-01 4.232e+21
    7.2595  239.5154                                                8.318 239.78
 4.000e-06 3.560e-04 1.005e-05 3.685e-09 1.000e-07 1.750e-06 2.100e-01 4.223e+21
    7.0387  240.0629                                                8.066 240.34
 4.000e-06 3.560e-04 1.000e-05 3.765e-09 1.000e-07 1.750e-06 2.100e-01 4.214e+21
    6.8186  240.6440                                                7.815 240.95
 4.000e-06 3.560e-04 9.942e-06 3.843e-09 1.000e-07 1.750e-06 2.100e-01 4.205e+21
    6.5990  241.2684                                                7.565 241.59
 4.000e-06 3.560e-04 9.875e-06 3.920e-09 1.000e-07 1.750e-06 2.100e-01 4.194e+21
    6.3800  241.9352                                                7.315 242.28
 4.000e-06 3.560e-04 9.801e-06 3.993e-09 1.000e-07 1.750e-06 2.100e-01 4.185e+21
    6.1617  242.6492                                                7.065 243.02
 4.000e-06 3.560e-04 9.720e-06 4.061e-09 1.000e-07 1.750e-06 2.100e-01 4.173e+21
    5.9440  243.4254                                                6.816 243.83
 4.000e-06 3.560e-04 9.630e-06 4.123e-09 1.000e-07 1.750e-06 2.100e-01 4.163e+21
    5.7269  244.2545                                                6.568 244.68
 4.000e-06 3.560e-04 9.532e-06 4.177e-09 1.000e-07 1.750e-06 2.100e-01 4.151e+21
    5.5105  245.1332                                                6.321 245.59
 4.000e-06 3.560e-04 9.428e-06 4.220e-09 1.000e-07 1.750e-06 2.100e-01 4.140e+21
    5.2947  246.0769                                                6.074 246.56
 4.000e-06 3.560e-04 9.317e-06 4.251e-09 1.000e-07 1.750e-06 2.100e-01 4.129e+21
    5.0797  247.0899                                                5.828 247.62
 4.000e-06 3.560e-04 9.199e-06 4.265e-09 1.000e-07 1.750e-06 2.100e-01 4.117e+21
    4.8653  248.1743                                                5.583 248.73
 4.000e-06 3.560e-04 9.072e-06 4.260e-09 1.000e-07 1.750e-06 2.100e-01 4.105e+21
    4.6516  249.3306                                                5.339 249.93
 4.000e-06 3.560e-04 8.937e-06 4.233e-09 1.000e-07 1.750e-06 2.100e-01 4.093e+21
    4.4386  250.5926                                                5.095 251.26
 4.000e-06 3.560e-04 8.769e-06 4.204e-09 1.000e-07 1.750e-06 2.100e-01 4.081e+21
    4.2262  251.8705                                                4.852 252.48
 4.000e-06 3.560e-04 8.616e-06 4.117e-09 1.000e-07 1.750e-06 2.100e-01 4.070e+21
    4.0146  253.2202                                                4.609 253.96
 4.000e-06 3.560e-04 8.455e-06 3.997e-09 1.000e-07 1.750e-06 2.100e-01 4.060e+21
    3.8036  254.6300                                                4.367 255.30
 4.000e-06 3.560e-04 8.279e-06 3.839e-09 1.000e-07 1.750e-06 2.100e-01 4.050e+21
    3.5933  256.1166                                                4.126 256.93
 4.000e-06 3.560e-04 8.083e-06 3.641e-09 1.000e-07 1.750e-06 2.100e-01 4.042e+21
    3.3837  257.6957                                                3.885 258.46
 4.000e-06 3.560e-04 7.856e-06 3.401e-09 1.000e-07 1.750e-06 2.100e-01 4.034e+21
    3.1747  259.3763                                                3.644 260.29
 4.000e-06 3.560e-04 7.591e-06 3.120e-09 1.000e-07 1.750e-06 2.100e-01 4.029e+21
    2.9661  261.1340                                                3.403 261.98
 4.000e-06 3.560e-04 7.283e-06 2.799e-09 1.000e-07 1.750e-06 2.100e-01 4.025e+21
    2.7579  263.0031                                                3.163 264.03
 4.000e-06 3.560e-04 6.920e-06 2.446e-09 1.000e-07 1.750e-06 2.100e-01 4.023e+21
    2.5498  264.9506                                                2.923 265.87
 4.000e-06 3.560e-04 6.498e-06 2.068e-09 1.000e-07 1.750e-06 2.100e-01 4.025e+21
    2.3417  266.9715                                                2.682 268.07
 4.000e-06 3.560e-04 6.017e-06 1.679e-09 1.000e-07 1.750e-06 2.100e-01 4.032e+21
    2.1332  269.0600                                                2.440 270.05
 4.000e-06 3.560e-04 5.476e-06 1.298e-09 1.000e-07 1.750e-06 2.100e-01 4.044e+21
    1.9240  271.0784                                                2.197 272.11
 4.000e-06 3.560e-04 4.896e-06 9.414e-10 1.000e-07 1.750e-06 2.100e-01 4.066e+21
    1.7136  273.0355                                                1.952 273.96
 4.000e-06 3.560e-04 4.280e-06 6.299e-10 1.000e-07 1.750e-06 2.100e-01 4.099e+21
    1.5014  274.7369                                                1.704 275.51
 4.000e-06 3.560e-04 3.653e-06 3.787e-10 1.000e-07 1.750e-06 2.100e-01 4.149e+21
    1.2864  276.0850                                                1.452 276.66
 4.000e-06 3.560e-04 3.019e-06 1.969e-10 1.000e-07 1.750e-06 2.100e-01 4.222e+21
    1.0674  276.8439                                                1.194 277.03
 4.000e-06 3.560e-04 2.379e-06 8.327e-11 1.000e-07 1.750e-06 2.100e-01 4.328e+21
    0.8424  276.3461                                                0.925 275.66
 4.000e-06 3.560e-04 1.726e-06 2.608e-11 1.000e-07 1.750e-06 2.100e-01 4.489e+21
    0.6075  272.3544                                                0.641 269.04
 4.000e-06 3.560e-04 1.036e-06 5.496e-12 1.000e-07 1.750e-06 2.100e-01 4.762e+21
    0.3508  254.3229                                                0.322 239.60
 4.000e-06 3.560e-04 2.016e-07 7.122e-13 1.000e-07 1.750e-06 2.100e-01 5.342e+21
