 Wavenumbers:   10.0 - 3250.0 cm-1, ATM      1
 LEVEL    PRESSURE   UPWARD FLUX   DOWNWARD FLUX    NET FLUX       HEATING RATE
             mb          W/m2          W/m2           W/m2          degree/day
 194        0.3220     287.9201        0.0000       287.9201355            0.00000
 193        0.6410     288.0675        0.4920       287.5755280           -9.11659
 192        0.9250     288.0717        0.8580       287.2136949          -10.75198
 191        1.194      288.0193        1.1780       286.8413710          -11.68065
 190        1.452      287.9416        1.4668       286.4748074          -11.99024
 189        1.704      287.8515        1.7301       286.1213968          -11.83526
 188        1.952      287.7544        1.9714       285.7829932          -11.51547
 187        2.197      287.6536        2.1908       285.4627892          -11.02959
 186        2.440      287.5520        2.3886       285.1634716          -10.39500
 185        2.682      287.4522        2.5665       284.8856610           -9.68795
 184        2.923      287.3544        2.7255       284.6289305           -8.98998
 183        3.163      287.2613        2.8693       284.3920257           -8.33031
 182        3.403      287.1712        2.9984       284.1728112           -7.70826
 181        3.644      287.0863        3.1168       283.9695001           -7.11939
 180        3.885      287.0049        3.2246       283.7802246           -6.62790
 179        4.126      286.9283        3.3252       283.6030516           -6.20410
 178        4.367      286.8550        3.4188       283.4362718           -5.84016
 177        4.609      286.7863        3.5076       283.2787166           -5.49434
 176        4.852      286.7204        3.5915       283.1288757           -5.20382
 175        5.095      286.6586        3.6726       282.9860276           -4.96098
 174        5.339      286.5996        3.7503       282.8492950           -4.72912
 173        5.583      286.5447        3.8253       282.7193503           -4.49435
 172        5.828      286.4933        3.8987       282.5945155           -4.30000
 171        6.074      286.4450        3.9709       282.4741698           -4.12852
 170        6.321      286.3999        4.0421       282.3578638           -3.97378
 169        6.568      286.3578        4.1125       282.2452135           -3.84888
 168        6.816      286.3183        4.1824       282.1359191           -3.71916
 167        7.065      286.2813        4.2517       282.0296382           -3.60209
 166        7.315      286.2469        4.3207       281.9261388           -3.49378
 165        7.565      286.2146        4.3896       281.8250333           -3.41298
 164        7.815      286.1844        4.4582       281.7262389           -3.33496
 163        8.066      286.1562        4.5265       281.6296586           -3.24723
 162        8.318      286.1297        4.5945       281.5351835           -3.16385
 161        8.570      286.1048        4.6623       281.4425314           -3.10280
 160        8.823      286.0815        4.7299       281.3516488           -3.03150
 159        9.080      286.0594        4.7980       281.2613828           -2.96408
 158        9.344      286.0381        4.8679       281.1701803           -2.91542
 157        9.617      286.0174        4.9394       281.0780550           -2.84784
 156        9.898      285.9976        5.0126       280.9850255           -2.79391
 155       10.19       285.9784        5.0873       280.8910897           -2.73358
 154       10.49       285.9600        5.1639       280.7961227           -2.68040
 153       10.80       285.9423        5.2422       280.7001393           -2.62993
 152       11.11       285.9253        5.3222       280.6031256           -2.57457
 151       11.44       285.9092        5.4040       280.5051448           -2.52096
 150       11.78       285.8937        5.4876       280.4060538           -2.47409
 149       12.13       285.8788        5.5729       280.3058389           -2.43026
 148       12.49       285.8645        5.6598       280.2046683           -2.37164
 147       12.86       285.8509        5.7487       280.1022745           -2.33545
 146       13.24       285.8380        5.8393       279.9986510           -2.28328
 145       13.63       285.8256        5.9318       279.8938489           -2.24477
 144       14.04       285.8139        6.0261       279.7878353           -2.20361
 143       14.46       285.8027        6.1221       279.6806304           -2.15923
 142       14.89       285.7919        6.2196       279.5723034           -2.11128
 141       15.34       285.7816        6.3188       279.4628639           -2.07080
 140       15.80       285.7718        6.4194       279.3524100           -2.02639
 139       16.27       285.7626        6.5217       279.2409884           -1.97958
 138       16.76       285.7539        6.6251       279.1287546           -1.93693
 137       17.27       285.7458        6.7298       279.0159699           -1.88104
 136       17.79       285.7381        6.8352       278.9028603           -1.83215
 135       18.33       285.7311        6.9414       278.7897226           -1.77469
 134       18.88       285.7248        7.0481       278.6767104           -1.71534
 133       19.46       285.7194        7.1553       278.5641510           -1.65488
 132       20.05       285.7151        7.2627       278.4523701           -1.59347
 131       20.66       285.7119        7.3704       278.3415087           -1.52872
 130       21.29       285.7098        7.4777       278.2321070           -1.46316
 129       21.94       285.7091        7.5848       278.1243147           -1.39307
 128       22.62       285.7098        7.6914       278.0183544           -1.32673
 127       23.32       285.7123        7.7982       277.9141536           -1.26345
 126       24.03       285.7163        7.9043       277.8119469           -1.19797
 125       24.78       285.7223        8.0104       277.7119072           -1.13475
 124       25.55       285.7298        8.1159       277.6139501           -1.07500
 123       26.34       285.7393        8.2209       277.5183825           -1.01448
 122       27.16       285.7501        8.3250       277.4251855           -0.95798
 121       28.01       285.7632        8.4288       277.3344201           -0.90116
 120       28.89       285.7778        8.5316       277.2461823           -0.84716
 119       29.80       285.7946        8.6337       277.1609051           -0.79171
 118       30.74       285.8132        8.7345       277.0787348           -0.73771
 117       31.72       285.8342        8.8343       276.9999386           -0.68343
 116       32.72       285.8573        8.9326       276.9246454           -0.63099
 115       33.76       285.8833        9.0305       276.8528209           -0.58171
 114       34.84       285.9117        9.1273       276.7843943           -0.53568
 113       35.96       285.9434        9.2241       276.7193071           -0.49175
 112       37.11       285.9774        9.3200       276.6573958           -0.45236
 111       38.31       286.0145        9.4159       276.5986237           -0.41436
 110       39.55       286.0537        9.5112       276.5425196           -0.38214
 109       40.83       286.0957        9.6067       276.4889744           -0.35220
 108       42.16       286.1392        9.7017       276.4375316           -0.32691
 107       43.54       286.1842        9.7965       276.3877674           -0.30521
 106       44.96       286.2304        9.8901       276.3402549           -0.28138
 105       46.44       286.2767        9.9818       276.2948449           -0.25964
 104       47.97       286.3235       10.0721       276.2514008           -0.23979
 103       49.55       286.3697       10.1599       276.2098275           -0.22149
 102       51.19       286.4156       10.2453       276.1703239           -0.20291
 101       52.90       286.4599       10.3269       276.1330352           -0.18489
 100       54.66       286.5031       10.4047       276.0983456           -0.16577
  99       56.49       286.5442       10.4782       276.0659936           -0.14911
  98       58.39       286.5836       10.5476       276.0360849           -0.13284
  97       60.37       286.6208       10.6125       276.0082169           -0.11926
  96       62.41       286.6555       10.6733       275.9822369           -0.10716
  95       64.54       286.6872       10.7293       275.9579154           -0.09659
  94       66.74       286.7161       10.7806       275.9355068           -0.08573
  93       69.03       286.7426       10.8274       275.9152690           -0.07455
  92       71.41       286.7684       10.8703       275.8980762           -0.06096
  91       73.89       286.7948       10.9103       275.8844979           -0.04635
  90       76.45       286.8242       10.9482       275.8759225           -0.02818
  89       79.12       286.8594       10.9863       275.8730600           -0.00905
  88       81.89       286.9029       11.0262       275.8766044            0.01079
  87       84.77       286.9573       11.0692       275.8880295            0.03351
  86       87.75       287.0262       11.1177       275.9084511            0.05772
  85       90.85       287.1125       11.1739       275.9386224            0.08219
  84       94.07       287.2196       11.2404       275.9792611            0.10671
  83       97.40       287.3506       11.3221       276.0284800            0.12477
  82      100.8        287.5097       11.4246       276.0850778            0.13857
  81      104.4        287.6941       11.5488       276.1452579            0.14246
  80      108.1        287.9061       11.7015       276.2045961            0.13593
  79      111.9        288.1459       11.8919       276.2540077            0.10965
  78      115.8        288.4188       12.1353       276.2835096            0.06350
  77      119.9        288.7200       12.4373       276.2826201           -0.00186
  76      124.0        289.0492       12.8107       276.2384585           -0.08970
  75      128.3        289.3958       13.2572       276.1386628           -0.19719
  74      132.7        289.7597       13.7755       275.9842036           -0.29699
  73      137.2        290.1417       14.3685       275.7732262           -0.39469
  72      141.8        290.5427       15.0395       275.5032215           -0.49182
  71      146.6        290.9639       15.7926       275.1713290           -0.58842
  70      151.5        291.4065       16.6314       274.7750757           -0.68413
  69      156.5        291.8717       17.5584       274.3133074           -0.77644
  68      161.6        292.3604       18.5734       273.7870171           -0.86191
  67      166.9        292.8691       19.6765       273.1925728           -0.94832
  66      172.4        293.4016       20.8631       272.5384793           -1.01695
  65      177.9        293.9606       22.1393       271.8212790           -1.08625
  64      183.6        294.5485       23.5145       271.0339428           -1.16243
  63      189.5        295.1669       24.9964       270.1705661           -1.24273
  62      195.5        295.8175       26.5916       269.2259700           -1.32528
  61      201.7        296.5007       28.3051       268.1955886           -1.40978
  60      208.0        297.2174       30.1418       267.0755763           -1.49438
  59      214.5        297.9679       32.0959       265.8720097           -1.56648
  58      221.1        298.7563       34.1701       264.5861185           -1.63234
  57      228.0        299.5850       36.3596       263.2253299           -1.68559
  56      234.9        300.4539       38.6548       261.7991357           -1.72384
  55      242.1        301.3649       41.0513       260.3136191           -1.75238
  54      249.4        302.3200       43.5487       258.7712601           -1.77574
  53      256.9        303.3194       46.1426       257.1767828           -1.79223
  52      264.6        304.3639       48.8315       255.5323901           -1.80459
  51      272.5        305.4592       51.6257       253.8335067           -1.82035
  50      280.6        306.6071       54.5228       252.0842725           -1.83061
  49      288.8        307.8080       57.5236       250.2844063           -1.83957
  48      297.3        309.0607       60.6208       248.4399000           -1.84170
  47      305.9        310.3671       63.8181       246.5490410           -1.84435
  46      314.8        311.7272       67.1151       244.6120326           -1.84625
  45      323.8        313.1429       70.5238       242.6191089           -1.85615
  44      333.1        314.6190       74.0592       240.5597825           -1.87475
  43      342.6        316.1570       77.7229       238.4341718           -1.89123
  42      352.3        317.7587       81.5145       236.2441414           -1.90497
  41      362.2        319.4254       85.4263       233.9990833           -1.90934
  40      372.4        321.1574       89.4582       231.6992594           -1.91255
  39      382.7        322.9555       93.6041       229.3514007           -1.90923
  38      393.4        324.8208       97.8691       226.9516280           -1.90877
  37      404.2        326.7596      102.2737       224.4859032           -1.91819
  36      415.3        328.7743      106.8174       221.9568704           -1.92487
  35      426.6        330.8648      111.4992       219.3655695           -1.92945
  34      438.2        333.0339      116.3225       216.7114198           -1.93393
  33      450.0        335.2812      121.2865       213.9946972           -1.93704
  32      462.1        337.6088      126.3968       211.2119581           -1.94179
  31      474.5        340.0172      131.6619       208.3552370           -1.95130
  30      487.1        342.5099      137.0991       205.4107627           -1.96870
  29      500.0        345.0936      142.7244       202.3691795           -1.99103
  28      513.2        347.7690      148.5286       199.2403747           -2.00535
  27      526.6        350.5363      154.5100       196.0263194           -2.01724
  26      540.3        353.3994      160.6644       192.7349710           -2.02303
  25      554.4        356.3585      166.9767       189.3817826           -2.01855
  24      568.7        359.4172      173.4441       185.9731136           -2.00994
  23      583.3        362.5750      180.0530       182.5220464           -1.99357
  22      598.2        365.8423      186.8166       179.0257492           -1.97866
  21      613.4        369.2231      193.7123       175.5108045           -1.94909
  20      628.9        372.7191      200.7131       172.0060084           -1.90430
  19      644.8        376.3170      207.7592       168.5578216           -1.83618
  18      661.0        380.0191      214.8606       165.1584827           -1.77412
  17      677.5        383.8211      222.0206       161.8004592           -1.71782
  16      694.3        387.7219      229.2407       158.4811935           -1.66459
  15      711.5        391.7232      236.5311       155.1921474           -1.61696
  14      729.0        395.8255      243.9173       151.9081980           -1.58292
  13      746.8        400.0321      251.4129       148.6191844           -1.55455
  12      765.0        404.3432      259.0410       145.3021358           -1.53749
  11      783.6        408.7472      266.8143       141.9328735           -1.53149
  10      802.5        413.2363      274.7599       138.4763363           -1.54112
   9      821.8        417.8083      282.8985       134.9098688           -1.55972
   8      841.5        422.4611      291.2606       131.2004999           -1.59129
   7      861.5        427.1831      299.8919       127.2912718           -1.64541
   6      882.0        431.9651      308.8224       123.1426810           -1.71318
   5      902.8        436.7909      318.0800       118.7109095           -1.79576
   4      924.0        441.6288      327.6787       113.9500513           -1.89312
   3      945.7        446.4423      337.6412       108.8010694           -2.00939
   2      967.7        451.1624      347.9777       103.1847518           -2.15108
   1      990.1        455.6574      358.7066        96.9508137           -2.34370
   0     1013.0        459.2935      369.8228        89.4707239           -2.76055

  Modules and versions used in this calculation:

       rrtmg_lw.1col.f90:  $Revision: 1.10 $             rrtmg_lw_init.f90:  $Revision: 1.6 $  
     rrtmglw_cldprop.f90:  $Revision: 1.9 $            rrtmglw_cldprmc.f90:  NOT USED          
       rrtmg_lw_rtrn.f90:  NOT USED                    rrtmg_lw_rtrnmr.f90:  $Revision: 1.7 $  
     rrtmg_lw_rtrnmc.f90:  NOT USED                    rrtmglw_setcoef.f90:  $Revision: 1.6 $  
     rrtmg_lw_taumol.f90:  $Revision: 1.8 $                       rrtatm.f:  NOT USED          
              util_xxx.f:  NOT USED                                extra.f:  NOT USED          
        rrtmg_lw_k_g.f90:  $Revision: 1.4 $  
